115 2 0 2 2 2 2 2 2 2 2 2 2 2 2 2 2 2 2 2 2 2 2 2 2 2 2 2 2 2 2 2 2 2 2 2 2 2 2 0 0 0 0 0 0 1 1 1 1 1 1 1 1 1 1 1 1 1 3 3 3 3 3 3 3 3 3 3 3 3 3 3 3 3 3 3 3 3 3 3 3 3 3 3 4 4 4 4 4 4 4 4 4 4 4 4 4 4 4 4 4 4 4 4 4 4 4 4 4 4 4 4 4 4 2 4 
5 128 512 1 1 128 384 1 2 128 256 1 1 128 256 1 4 128 128 1 4



Experiment configurations ===================================================
Model : clip
mini-batch size: 32768
Memory Limit : 3 GB
# devices : 12
is linearized: 0
=============================================================================
Universal mbs: 128(2^7)
Load graph --> Build estimator --> Optimize
Computation graph: parallel(serial(1|38|39|40|41|42|43|44|45|46|47|48|49|50|51|52|53|54|55|56|57|58|59|60|61|62|63|64|65|66|67|68|69|70|71|72|73|74|75|76|77|78|79|80|81|82|83|84|85|86|87|88|89|90|91|92|93|94|95|96|97|98|99|100|101|102|103|104|105|106|107|108|109|110|111|112|114)|serial(2|3|4|5|6|7|8|9|10|11|12|13|14|15|16|17|18|19|20|21|22|23|24|25|26|27|28|29|30|31|32|33|34|35|36|37|113|114))

Running time: 278.756 sec
TPS (of bottleneck stage): 2.62976
T (minibatch): 87227.5
    weight size         memory            act            tps     num device           (i, m, k)          nodes
            216 MB           2862 MB           2646 MB         1.1707              1     (512, 128, 128)              (42,38,39,40,41,43,1,)
            896 MB           2954 MB           2058 MB        2.26306              2     (384, 128, 128)              (51,48,45,44,46,47,49,54,50,52,53,55,56,)
           1600 MB           2923 MB           1323 MB        2.18379              4     (256, 128, 128)              (58,57,59,72,66,60,61,75,69,63,62,64,65,67,78,68,70,71,73,74,76,81,77,79,80,82,)
           1920 MB           2684 MB            764 MB        2.62927              4     (128, 128, 128)              (84,83,85,86,87,88,89,90,91,93,92,94,96,95,97,99,98,100,102,101,103,105,104,106,108,107,109,111,110,112,114,)
            576 MB           2020 MB           1444 MB        1.32397              1     (256, 128, 128)              (25,24,23,27,26,28,29,30,31,32,33,34,35,36,37,2,18,9,3,4,21,6,5,7,8,10,11,12,13,14,15,16,17,19,20,22,113,)
------------------------------------------------------------------------------------------------------------------------------------------------------
Max Universal mbs: 128(2^7)
Best Universal mbs: 128(2^7)
Lowest TPS: 2.62976
