115 0 0 0 0 0 0 0 0 0 0 0 0 0 0 0 0 0 0 0 0 0 0 0 0 0 0 0 0 0 0 0 0 0 0 0 0 0 0 0 0 0 0 1 1 1 1 1 1 1 1 1 1 1 1 1 1 2 2 2 2 2 2 2 2 2 2 2 2 2 2 2 2 2 2 2 2 2 2 2 2 2 2 3 3 3 3 3 3 3 3 3 3 3 3 3 3 3 3 3 3 3 3 3 3 3 3 3 3 3 3 3 3 3 3 3 
4 128 512 1 2 128 384 1 2 128 256 1 4 128 128 1 4







Experiment configurations ===================================================
Model : clip
mini-batch size: 32768
Memory Limit : 3 GB
# devices : 12
is linearized: 1
=============================================================================
Universal mbs: 128(2^7)
Load graph --> Build estimator --> Optimize
Computation graph: serial(1|2|3|4|5|6|7|8|9|10|11|12|13|14|15|16|17|18|19|20|21|22|23|24|25|26|27|28|29|30|31|32|33|34|35|36|37|38|39|40|41|42|43|44|45|46|47|48|49|50|51|52|53|54|55|56|57|58|59|60|61|62|63|64|65|66|67|68|69|70|71|72|73|74|75|76|77|78|79|80|81|82|83|84|85|86|87|88|89|90|91|92|93|94|95|96|97|98|99|100|101|102|103|104|105|106|107|108|109|110|111|112|113|114)

Running time: 420.248 sec
TPS (of bottleneck stage): 2.66969
T (minibatch): 88536.9
    weight size         memory            act            tps     num device           (i, m, k)          nodes
            728 MB           3065 MB           2337 MB        1.19433              2     (512, 128, 128)              (24,2,1,18,9,3,4,21,6,5,7,27,8,10,11,12,13,14,15,16,17,19,20,22,23,25,30,26,28,33,29,31,36,32,34,35,37,38,39,40,41,)
            832 MB           3037 MB           2205 MB        2.06478              2     (384, 128, 128)              (42,45,43,48,44,46,51,47,49,54,50,52,53,55,)
           1696 MB           3019 MB           1323 MB        2.32473              4     (256, 128, 128)              (63,62,61,64,69,65,66,67,68,70,71,72,73,74,75,76,77,78,79,80,81,57,56,58,59,60,)
           1952 MB           2745 MB            793 MB        2.66956              4     (128, 128, 128)              (84,82,83,85,86,87,88,89,90,91,92,93,94,96,95,97,99,98,100,102,101,103,105,104,106,108,107,109,111,110,112,113,114,)
------------------------------------------------------------------------------------------------------------------------------------------------------
Max Universal mbs: 128(2^7)
Best Universal mbs: 128(2^7)
Lowest TPS: 2.66969