115 0 0 6 6 6 6 6 6 6 6 6 6 6 6 6 6 6 6 6 6 6 6 6 6 6 6 6 6 6 6 6 6 6 6 6 6 6 6 6 0 0 0 0 0 0 0 0 0 0 0 1 1 1 1 1 1 1 1 1 1 2 2 2 2 2 2 2 2 2 2 2 3 3 3 3 3 3 3 3 3 3 4 4 4 4 4 4 4 4 4 4 4 5 5 5 5 5 5 5 5 5 5 7 7 7 7 7 7 7 7 7 7 7 6 7
8 8 56 1 1 8 48 1 1 8 40 1 1 8 32 1 1 8 24 1 1 8 16 1 1 8 16 1 1 8 8 1 1





Memory Limit : 2 GB
is linearized: 0
# devices: 8
Load graph --> Build estimator --> Optimize
Computation graph: parallel(serial(1|40|41|42|43|44|45|46|47|48|49|50|51|52|53|54|55|56|57|58|59|60|61|62|63|64|65|66|67|68|69|70|71|72|73|74|75|76|77|78|79|80|81|82|83|84|85|86|87|88|89|90|91|92|93|94|95|96|97|98|99|100|101|102|103|104|105|106|107|108|109|110|111|112|113|114|115|116|118)|serial(2|3|4|5|6|7|8|9|10|11|12|13|14|15|16|17|18|19|20|21|22|23|24|25|26|27|28|29|30|31|32|33|34|35|36|37|38|39|117|118))

Running time: 108.779 sec
TPS (of bottleneck stage): 3.70979
T (minibatch): 3996.96
    weight size         memory            act            tps     num device           (i, m, k)          nodes
            600 MB           1779 MB           1179 MB         3.3873              1          (56, 8, 8)              (1,45,40,41,42,43,48,44,46,51,47,49,50,52,)
            704 MB           1512 MB            808 MB        3.70934              1          (48, 8, 8)              (54,57,53,55,60,56,58,59,61,62,)
            640 MB           1375 MB            735 MB        3.38062              1          (40, 8, 8)              (65,63,66,64,67,69,68,70,72,71,73,)
            704 MB           1243 MB            539 MB        3.70895              1          (32, 8, 8)              (75,74,76,78,77,81,80,79,82,83,)
            640 MB           1081 MB            441 MB        3.38075              1          (24, 8, 8)              (90,84,87,85,86,88,89,91,92,93,94,)
            704 MB            973 MB            269 MB        3.70786              1          (16, 8, 8)              (102,99,96,95,97,98,100,101,103,104,)
            640 MB            801 MB            161 MB        3.49199              1           (8, 8, 8)              (105,108,106,111,107,109,114,110,112,113,115,116,118,)
            576 MB            766 MB            190 MB        1.69362              1          (16, 8, 8)              (2,3,4,5,6,16,10,7,8,13,9,11,22,12,14,19,15,17,28,18,20,25,21,23,24,26,31,27,29,34,30,32,37,33,35,36,38,39,117,)
------------------------------------------------------------------------------------------------------------------------------------------------------